12
2 1 302 3 298 			    VongxoayCMT8	1920.0 1075.0
2 0 302 11 290			    CineBox			1979.0 929.0
4 11 120 3 352 5 657 9 750  DBP1 			2126.0 1022.0
3 0 298 2 352 4 701		    CMT8			2019.0 1130.0
2 3 701  5 179 			    PhongVu			2282.0 1272.0
2 4 179  2 657 			    CongVienTaoDan	2335.0 1218.0
3 5 200 8 350  7 704        THPTLeQuyDon 2542.0 993.0
1 6 704                     DinhDocLap 2612.0 1059.0
2 6 350 9 294               CoopMart 2440.0 895.0
2 10 197 8 294              DBP2 2345.0 813.0
2 9 197 11 750              NhaThieuNhiQ3 2307.0 778.0
3 1 290 2 120 10 750        TuXuong-BHTQ 2086.0 996.0
